{
  "adapter_boundaries": {
    "source_contact_gap_recorded_m": 0.005,
    "source_contact_gap_semantics_implemented": false,
    "source_solver_backend_semantics_implemented": false
  },
  "author_source": {
    "card_house_run_blob": "35f33651bc9674a259071ac723e47755504152db",
    "card_house_run_py_sha256": "18c58c85eaad865aeef480b46e880a52088f266b79c90226f624637221ee36f8",
    "commit": "b3f3c5ca646b39a1bc4fbd8c3ebfb6810fee4bd0",
    "fbf_config_py_sha256": "88f3f9ffd758eccce8496f7897192587a05907109e313c7a86bcf8f9de8cc248",
    "repository": "https://github.com/matthcsong/fbf-sca-2026",
    "solver_fbf_py_sha256": "8ec32aa20bf8d6c1173ed6c7f3735e2926fbb4b5059ee2236e26ad27eb22f941",
    "tree": "ffcdafb61adeda2239c8366d054b548b50d26685e"
  },
  "binary_binding": {
    "implementation_source_sha256": "84fd1330a13d548760e537f9734790ab1b5c91fcda3e446bf76b9b36f3e1aa99",
    "role": "dart_demos"
  },
  "claim_boundary": {
    "configuration_port_valid": true,
    "construction_only": true,
    "dart_cards_mobile": true,
    "dart_cubes_initially_immobile": true,
    "dynamics_executed": false,
    "fig06_parity": false,
    "paper_timing_valid": false,
    "physical_outcome_equivalence": false,
    "physical_outcome_valid": false,
    "renderer_colors_source_parity": false,
    "solver_equivalence": false,
    "solver_valid": false,
    "source_geometry_and_initial_pose_port": true,
    "timing_comparability": false,
    "trajectory_equivalence": false,
    "trajectory_valid": false,
    "video06_parity": false
  },
  "configuration_spec_source_sha256": "77814782fdedd2e419d23b088fcba3521dda020d8dd167942cf137da56f6aba9",
  "dart_observation": {
    "cards": [
      {
        "friction": 0.8,
        "initial_angular_velocity_rad_s": [
          0,
          0,
          0
        ],
        "initial_linear_velocity_m_s": [
          0,
          0,
          0
        ],
        "initial_pose": {
          "rotation": [
            [
              0.9063077870366499,
              0,
              0.42261826174069944
            ],
            [
              0,
              1,
              0
            ],
            [
              -0.42261826174069944,
              0,
              0.9063077870366499
            ]
          ],
          "translation": [
            -4.95,
            0,
            1.20830308488593
          ]
        },
        "mass_kg": 25,
        "mobile": true,
        "name": "tent_left_L0_T0",
        "role": "tent_left",
        "size_m": [
          0.04,
          1.25,
          2.5
        ]
      },
      {
        "friction": 0.8,
        "initial_angular_velocity_rad_s": [
          0,
          0,
          0
        ],
        "initial_linear_velocity_m_s": [
          0,
          0,
          0
        ],
        "initial_pose": {
          "rotation": [
            [
              0.9063077870366499,
              0,
              -0.42261826174069944
            ],
            [
              0,
              1,
              0
            ],
            [
              0.42261826174069944,
              0,
              0.9063077870366499
            ]
          ],
          "translation": [
            -3.8500000000000005,
            0,
            1.20830308488593
          ]
        },
        "mass_kg": 25,
        "mobile": true,
        "name": "tent_right_L0_T0",
        "role": "tent_right",
        "size_m": [
          0.04,
          1.25,
          2.5
        ]
      },
      {
        "friction": 0.8,
        "initial_angular_velocity_rad_s": [
          0,
          0,
          0
        ],
        "initial_linear_velocity_m_s": [
          0,
          0,
          0
        ],
        "initial_pose": {
          "rotation": [
            [
              0.9063077870366499,
              0,
              0.42261826174069944
            ],
            [
              0,
              1,
              0
            ],
            [
              -0.42261826174069944,
              0,
              0.9063077870366499
            ]
          ],
          "translation": [
            -2.75,
            0,
            1.20830308488593
          ]
        },
        "mass_kg": 25,
        "mobile": true,
        "name": "tent_left_L0_T1",
        "role": "tent_left",
        "size_m": [
          0.04,
          1.25,
          2.5
        ]
      },
      {
        "friction": 0.8,
        "initial_angular_velocity_rad_s": [
          0,
          0,
          0
        ],
        "initial_linear_velocity_m_s": [
          0,
          0,
          0
        ],
        "initial_pose": {
          "rotation": [
            [
              0.9063077870366499,
              0,
              -0.42261826174069944
            ],
            [
              0,
              1,
              0
            ],
            [
              0.42261826174069944,
              0,
              0.9063077870366499
            ]
          ],
          "translation": [
            -1.6500000000000001,
            0,
            1.20830308488593
          ]
        },
        "mass_kg": 25,
        "mobile": true,
        "name": "tent_right_L0_T1",
        "role": "tent_right",
        "size_m": [
          0.04,
          1.25,
          2.5
        ]
      },
      {
        "friction": 0.8,
        "initial_angular_velocity_rad_s": [
          0,
          0,
          0
        ],
        "initial_linear_velocity_m_s": [
          0,
          0,
          0
        ],
        "initial_pose": {
          "rotation": [
            [
              0.9063077870366499,
              0,
              0.42261826174069944
            ],
            [
              0,
              1,
              0
            ],
            [
              -0.42261826174069944,
              0,
              0.9063077870366499
            ]
          ],
          "translation": [
            -0.55,
            0,
            1.20830308488593
          ]
        },
        "mass_kg": 25,
        "mobile": true,
        "name": "tent_left_L0_T2",
        "role": "tent_left",
        "size_m": [
          0.04,
          1.25,
          2.5
        ]
      },
      {
        "friction": 0.8,
        "initial_angular_velocity_rad_s": [
          0,
          0,
          0
        ],
        "initial_linear_velocity_m_s": [
          0,
          0,
          0
        ],
        "initial_pose": {
          "rotation": [
            [
              0.9063077870366499,
              0,
              -0.42261826174069944
            ],
            [
              0,
              1,
              0
            ],
            [
              0.42261826174069944,
              0,
              0.9063077870366499
            ]
          ],
          "translation": [
            0.55,
            0,
            1.20830308488593
          ]
        },
        "mass_kg": 25,
        "mobile": true,
        "name": "tent_right_L0_T2",
        "role": "tent_right",
        "size_m": [
          0.04,
          1.25,
          2.5
        ]
      },
      {
        "friction": 0.8,
        "initial_angular_velocity_rad_s": [
          0,
          0,
          0
        ],
        "initial_linear_velocity_m_s": [
          0,
          0,
          0
        ],
        "initial_pose": {
          "rotation": [
            [
              0.9063077870366499,
              0,
              0.42261826174069944
            ],
            [
              0,
              1,
              0
            ],
            [
              -0.42261826174069944,
              0,
              0.9063077870366499
            ]
          ],
          "translation": [
            1.6500000000000001,
            0,
            1.20830308488593
          ]
        },
        "mass_kg": 25,
        "mobile": true,
        "name": "tent_left_L0_T3",
        "role": "tent_left",
        "size_m": [
          0.04,
          1.25,
          2.5
        ]
      },
      {
        "friction": 0.8,
        "initial_angular_velocity_rad_s": [
          0,
          0,
          0
        ],
        "initial_linear_velocity_m_s": [
          0,
          0,
          0
        ],
        "initial_pose": {
          "rotation": [
            [
              0.9063077870366499,
              0,
              -0.42261826174069944
            ],
            [
              0,
              1,
              0
            ],
            [
              0.42261826174069944,
              0,
              0.9063077870366499
            ]
          ],
          "translation": [
            2.75,
            0,
            1.20830308488593
          ]
        },
        "mass_kg": 25,
        "mobile": true,
        "name": "tent_right_L0_T3",
        "role": "tent_right",
        "size_m": [
          0.04,
          1.25,
          2.5
        ]
      },
      {
        "friction": 0.8,
        "initial_angular_velocity_rad_s": [
          0,
          0,
          0
        ],
        "initial_linear_velocity_m_s": [
          0,
          0,
          0
        ],
        "initial_pose": {
          "rotation": [
            [
              0.9063077870366499,
              0,
              0.42261826174069944
            ],
            [
              0,
              1,
              0
            ],
            [
              -0.42261826174069944,
              0,
              0.9063077870366499
            ]
          ],
          "translation": [
            3.8500000000000005,
            0,
            1.20830308488593
          ]
        },
        "mass_kg": 25,
        "mobile": true,
        "name": "tent_left_L0_T4",
        "role": "tent_left",
        "size_m": [
          0.04,
          1.25,
          2.5
        ]
      },
      {
        "friction": 0.8,
        "initial_angular_velocity_rad_s": [
          0,
          0,
          0
        ],
        "initial_linear_velocity_m_s": [
          0,
          0,
          0
        ],
        "initial_pose": {
          "rotation": [
            [
              0.9063077870366499,
              0,
              -0.42261826174069944
            ],
            [
              0,
              1,
              0
            ],
            [
              0.42261826174069944,
              0,
              0.9063077870366499
            ]
          ],
          "translation": [
            4.95,
            0,
            1.20830308488593
          ]
        },
        "mass_kg": 25,
        "mobile": true,
        "name": "tent_right_L0_T4",
        "role": "tent_right",
        "size_m": [
          0.04,
          1.25,
          2.5
        ]
      },
      {
        "friction": 0.8,
        "initial_angular_velocity_rad_s": [
          0,
          0,
          0
        ],
        "initial_linear_velocity_m_s": [
          0,
          0,
          0
        ],
        "initial_pose": {
          "rotation": [
            [
              0.9998476951563913,
              0,
              -0.01745240643728351
            ],
            [
              0,
              1,
              0
            ],
            [
              0.01745240643728351,
              0,
              0.9998476951563913
            ]
          ],
          "translation": [
            -3.3000000000000003,
            0,
            2.41660616977186
          ]
        },
        "mass_kg": 25,
        "mobile": true,
        "name": "bridge_L1_T0",
        "role": "bridge",
        "size_m": [
          2.5,
          1.25,
          0.04
        ]
      },
      {
        "friction": 0.8,
        "initial_angular_velocity_rad_s": [
          0,
          0,
          0
        ],
        "initial_linear_velocity_m_s": [
          0,
          0,
          0
        ],
        "initial_pose": {
          "rotation": [
            [
              0.9063077870366499,
              0,
              0.42261826174069944
            ],
            [
              0,
              1,
              0
            ],
            [
              -0.42261826174069944,
              0,
              0.9063077870366499
            ]
          ],
          "translation": [
            -3.8500000000000005,
            0,
            3.6249092546577897
          ]
        },
        "mass_kg": 25,
        "mobile": true,
        "name": "tent_left_L1_T0",
        "role": "tent_left",
        "size_m": [
          0.04,
          1.25,
          2.5
        ]
      },
      {
        "friction": 0.8,
        "initial_angular_velocity_rad_s": [
          0,
          0,
          0
        ],
        "initial_linear_velocity_m_s": [
          0,
          0,
          0
        ],
        "initial_pose": {
          "rotation": [
            [
              0.9063077870366499,
              0,
              -0.42261826174069944
            ],
            [
              0,
              1,
              0
            ],
            [
              0.42261826174069944,
              0,
              0.9063077870366499
            ]
          ],
          "translation": [
            -2.75,
            0,
            3.6249092546577897
          ]
        },
        "mass_kg": 25,
        "mobile": true,
        "name": "tent_right_L1_T0",
        "role": "tent_right",
        "size_m": [
          0.04,
          1.25,
          2.5
        ]
      },
      {
        "friction": 0.8,
        "initial_angular_velocity_rad_s": [
          0,
          0,
          0
        ],
        "initial_linear_velocity_m_s": [
          0,
          0,
          0
        ],
        "initial_pose": {
          "rotation": [
            [
              0.9998476951563913,
              0,
              -0.01745240643728351
            ],
            [
              0,
              1,
              0
            ],
            [
              0.01745240643728351,
              0,
              0.9998476951563913
            ]
          ],
          "translation": [
            -1.1,
            0,
            2.41660616977186
          ]
        },
        "mass_kg": 25,
        "mobile": true,
        "name": "bridge_L1_T1",
        "role": "bridge",
        "size_m": [
          2.5,
          1.25,
          0.04
        ]
      },
      {
        "friction": 0.8,
        "initial_angular_velocity_rad_s": [
          0,
          0,
          0
        ],
        "initial_linear_velocity_m_s": [
          0,
          0,
          0
        ],
        "initial_pose": {
          "rotation": [
            [
              0.9063077870366499,
              0,
              0.42261826174069944
            ],
            [
              0,
              1,
              0
            ],
            [
              -0.42261826174069944,
              0,
              0.9063077870366499
            ]
          ],
          "translation": [
            -1.6500000000000001,
            0,
            3.6249092546577897
          ]
        },
        "mass_kg": 25,
        "mobile": true,
        "name": "tent_left_L1_T1",
        "role": "tent_left",
        "size_m": [
          0.04,
          1.25,
          2.5
        ]
      },
      {
        "friction": 0.8,
        "initial_angular_velocity_rad_s": [
          0,
          0,
          0
        ],
        "initial_linear_velocity_m_s": [
          0,
          0,
          0
        ],
        "initial_pose": {
          "rotation": [
            [
              0.9063077870366499,
              0,
              -0.42261826174069944
            ],
            [
              0,
              1,
              0
            ],
            [
              0.42261826174069944,
              0,
              0.9063077870366499
            ]
          ],
          "translation": [
            -0.55,
            0,
            3.6249092546577897
          ]
        },
        "mass_kg": 25,
        "mobile": true,
        "name": "tent_right_L1_T1",
        "role": "tent_right",
        "size_m": [
          0.04,
          1.25,
          2.5
        ]
      },
      {
        "friction": 0.8,
        "initial_angular_velocity_rad_s": [
          0,
          0,
          0
        ],
        "initial_linear_velocity_m_s": [
          0,
          0,
          0
        ],
        "initial_pose": {
          "rotation": [
            [
              0.9998476951563913,
              0,
              -0.01745240643728351
            ],
            [
              0,
              1,
              0
            ],
            [
              0.01745240643728351,
              0,
              0.9998476951563913
            ]
          ],
          "translation": [
            1.1,
            0,
            2.41660616977186
          ]
        },
        "mass_kg": 25,
        "mobile": true,
        "name": "bridge_L1_T2",
        "role": "bridge",
        "size_m": [
          2.5,
          1.25,
          0.04
        ]
      },
      {
        "friction": 0.8,
        "initial_angular_velocity_rad_s": [
          0,
          0,
          0
        ],
        "initial_linear_velocity_m_s": [
          0,
          0,
          0
        ],
        "initial_pose": {
          "rotation": [
            [
              0.9063077870366499,
              0,
              0.42261826174069944
            ],
            [
              0,
              1,
              0
            ],
            [
              -0.42261826174069944,
              0,
              0.9063077870366499
            ]
          ],
          "translation": [
            0.55,
            0,
            3.6249092546577897
          ]
        },
        "mass_kg": 25,
        "mobile": true,
        "name": "tent_left_L1_T2",
        "role": "tent_left",
        "size_m": [
          0.04,
          1.25,
          2.5
        ]
      },
      {
        "friction": 0.8,
        "initial_angular_velocity_rad_s": [
          0,
          0,
          0
        ],
        "initial_linear_velocity_m_s": [
          0,
          0,
          0
        ],
        "initial_pose": {
          "rotation": [
            [
              0.9063077870366499,
              0,
              -0.42261826174069944
            ],
            [
              0,
              1,
              0
            ],
            [
              0.42261826174069944,
              0,
              0.9063077870366499
            ]
          ],
          "translation": [
            1.6500000000000001,
            0,
            3.6249092546577897
          ]
        },
        "mass_kg": 25,
        "mobile": true,
        "name": "tent_right_L1_T2",
        "role": "tent_right",
        "size_m": [
          0.04,
          1.25,
          2.5
        ]
      },
      {
        "friction": 0.8,
        "initial_angular_velocity_rad_s": [
          0,
          0,
          0
        ],
        "initial_linear_velocity_m_s": [
          0,
          0,
          0
        ],
        "initial_pose": {
          "rotation": [
            [
              0.9998476951563913,
              0,
              -0.01745240643728351
            ],
            [
              0,
              1,
              0
            ],
            [
              0.01745240643728351,
              0,
              0.9998476951563913
            ]
          ],
          "translation": [
            3.3000000000000003,
            0,
            2.41660616977186
          ]
        },
        "mass_kg": 25,
        "mobile": true,
        "name": "bridge_L1_T3",
        "role": "bridge",
        "size_m": [
          2.5,
          1.25,
          0.04
        ]
      },
      {
        "friction": 0.8,
        "initial_angular_velocity_rad_s": [
          0,
          0,
          0
        ],
        "initial_linear_velocity_m_s": [
          0,
          0,
          0
        ],
        "initial_pose": {
          "rotation": [
            [
              0.9063077870366499,
              0,
              0.42261826174069944
            ],
            [
              0,
              1,
              0
            ],
            [
              -0.42261826174069944,
              0,
              0.9063077870366499
            ]
          ],
          "translation": [
            2.75,
            0,
            3.6249092546577897
          ]
        },
        "mass_kg": 25,
        "mobile": true,
        "name": "tent_left_L1_T3",
        "role": "tent_left",
        "size_m": [
          0.04,
          1.25,
          2.5
        ]
      },
      {
        "friction": 0.8,
        "initial_angular_velocity_rad_s": [
          0,
          0,
          0
        ],
        "initial_linear_velocity_m_s": [
          0,
          0,
          0
        ],
        "initial_pose": {
          "rotation": [
            [
              0.9063077870366499,
              0,
              -0.42261826174069944
            ],
            [
              0,
              1,
              0
            ],
            [
              0.42261826174069944,
              0,
              0.9063077870366499
            ]
          ],
          "translation": [
            3.8500000000000005,
            0,
            3.6249092546577897
          ]
        },
        "mass_kg": 25,
        "mobile": true,
        "name": "tent_right_L1_T3",
        "role": "tent_right",
        "size_m": [
          0.04,
          1.25,
          2.5
        ]
      },
      {
        "friction": 0.8,
        "initial_angular_velocity_rad_s": [
          0,
          0,
          0
        ],
        "initial_linear_velocity_m_s": [
          0,
          0,
          0
        ],
        "initial_pose": {
          "rotation": [
            [
              0.9998476951563913,
              0,
              -0.01745240643728351
            ],
            [
              0,
              1,
              0
            ],
            [
              0.01745240643728351,
              0,
              0.9998476951563913
            ]
          ],
          "translation": [
            -2.2,
            0,
            4.83321233954372
          ]
        },
        "mass_kg": 25,
        "mobile": true,
        "name": "bridge_L2_T0",
        "role": "bridge",
        "size_m": [
          2.5,
          1.25,
          0.04
        ]
      },
      {
        "friction": 0.8,
        "initial_angular_velocity_rad_s": [
          0,
          0,
          0
        ],
        "initial_linear_velocity_m_s": [
          0,
          0,
          0
        ],
        "initial_pose": {
          "rotation": [
            [
              0.9063077870366499,
              0,
              0.42261826174069944
            ],
            [
              0,
              1,
              0
            ],
            [
              -0.42261826174069944,
              0,
              0.9063077870366499
            ]
          ],
          "translation": [
            -2.75,
            0,
            6.04151542442965
          ]
        },
        "mass_kg": 25,
        "mobile": true,
        "name": "tent_left_L2_T0",
        "role": "tent_left",
        "size_m": [
          0.04,
          1.25,
          2.5
        ]
      },
      {
        "friction": 0.8,
        "initial_angular_velocity_rad_s": [
          0,
          0,
          0
        ],
        "initial_linear_velocity_m_s": [
          0,
          0,
          0
        ],
        "initial_pose": {
          "rotation": [
            [
              0.9063077870366499,
              0,
              -0.42261826174069944
            ],
            [
              0,
              1,
              0
            ],
            [
              0.42261826174069944,
              0,
              0.9063077870366499
            ]
          ],
          "translation": [
            -1.6500000000000001,
            0,
            6.04151542442965
          ]
        },
        "mass_kg": 25,
        "mobile": true,
        "name": "tent_right_L2_T0",
        "role": "tent_right",
        "size_m": [
          0.04,
          1.25,
          2.5
        ]
      },
      {
        "friction": 0.8,
        "initial_angular_velocity_rad_s": [
          0,
          0,
          0
        ],
        "initial_linear_velocity_m_s": [
          0,
          0,
          0
        ],
        "initial_pose": {
          "rotation": [
            [
              0.9998476951563913,
              0,
              -0.01745240643728351
            ],
            [
              0,
              1,
              0
            ],
            [
              0.01745240643728351,
              0,
              0.9998476951563913
            ]
          ],
          "translation": [
            0,
            0,
            4.83321233954372
          ]
        },
        "mass_kg": 25,
        "mobile": true,
        "name": "bridge_L2_T1",
        "role": "bridge",
        "size_m": [
          2.5,
          1.25,
          0.04
        ]
      },
      {
        "friction": 0.8,
        "initial_angular_velocity_rad_s": [
          0,
          0,
          0
        ],
        "initial_linear_velocity_m_s": [
          0,
          0,
          0
        ],
        "initial_pose": {
          "rotation": [
            [
              0.9063077870366499,
              0,
              0.42261826174069944
            ],
            [
              0,
              1,
              0
            ],
            [
              -0.42261826174069944,
              0,
              0.9063077870366499
            ]
          ],
          "translation": [
            -0.55,
            0,
            6.04151542442965
          ]
        },
        "mass_kg": 25,
        "mobile": true,
        "name": "tent_left_L2_T1",
        "role": "tent_left",
        "size_m": [
          0.04,
          1.25,
          2.5
        ]
      },
      {
        "friction": 0.8,
        "initial_angular_velocity_rad_s": [
          0,
          0,
          0
        ],
        "initial_linear_velocity_m_s": [
          0,
          0,
          0
        ],
        "initial_pose": {
          "rotation": [
            [
              0.9063077870366499,
              0,
              -0.42261826174069944
            ],
            [
              0,
              1,
              0
            ],
            [
              0.42261826174069944,
              0,
              0.9063077870366499
            ]
          ],
          "translation": [
            0.55,
            0,
            6.04151542442965
          ]
        },
        "mass_kg": 25,
        "mobile": true,
        "name": "tent_right_L2_T1",
        "role": "tent_right",
        "size_m": [
          0.04,
          1.25,
          2.5
        ]
      },
      {
        "friction": 0.8,
        "initial_angular_velocity_rad_s": [
          0,
          0,
          0
        ],
        "initial_linear_velocity_m_s": [
          0,
          0,
          0
        ],
        "initial_pose": {
          "rotation": [
            [
              0.9998476951563913,
              0,
              -0.01745240643728351
            ],
            [
              0,
              1,
              0
            ],
            [
              0.01745240643728351,
              0,
              0.9998476951563913
            ]
          ],
          "translation": [
            2.2,
            0,
            4.83321233954372
          ]
        },
        "mass_kg": 25,
        "mobile": true,
        "name": "bridge_L2_T2",
        "role": "bridge",
        "size_m": [
          2.5,
          1.25,
          0.04
        ]
      },
      {
        "friction": 0.8,
        "initial_angular_velocity_rad_s": [
          0,
          0,
          0
        ],
        "initial_linear_velocity_m_s": [
          0,
          0,
          0
        ],
        "initial_pose": {
          "rotation": [
            [
              0.9063077870366499,
              0,
              0.42261826174069944
            ],
            [
              0,
              1,
              0
            ],
            [
              -0.42261826174069944,
              0,
              0.9063077870366499
            ]
          ],
          "translation": [
            1.6500000000000001,
            0,
            6.04151542442965
          ]
        },
        "mass_kg": 25,
        "mobile": true,
        "name": "tent_left_L2_T2",
        "role": "tent_left",
        "size_m": [
          0.04,
          1.25,
          2.5
        ]
      },
      {
        "friction": 0.8,
        "initial_angular_velocity_rad_s": [
          0,
          0,
          0
        ],
        "initial_linear_velocity_m_s": [
          0,
          0,
          0
        ],
        "initial_pose": {
          "rotation": [
            [
              0.9063077870366499,
              0,
              -0.42261826174069944
            ],
            [
              0,
              1,
              0
            ],
            [
              0.42261826174069944,
              0,
              0.9063077870366499
            ]
          ],
          "translation": [
            2.75,
            0,
            6.04151542442965
          ]
        },
        "mass_kg": 25,
        "mobile": true,
        "name": "tent_right_L2_T2",
        "role": "tent_right",
        "size_m": [
          0.04,
          1.25,
          2.5
        ]
      },
      {
        "friction": 0.8,
        "initial_angular_velocity_rad_s": [
          0,
          0,
          0
        ],
        "initial_linear_velocity_m_s": [
          0,
          0,
          0
        ],
        "initial_pose": {
          "rotation": [
            [
              0.9998476951563913,
              0,
              -0.01745240643728351
            ],
            [
              0,
              1,
              0
            ],
            [
              0.01745240643728351,
              0,
              0.9998476951563913
            ]
          ],
          "translation": [
            -1.1,
            0,
            7.249818509315579
          ]
        },
        "mass_kg": 25,
        "mobile": true,
        "name": "bridge_L3_T0",
        "role": "bridge",
        "size_m": [
          2.5,
          1.25,
          0.04
        ]
      },
      {
        "friction": 0.8,
        "initial_angular_velocity_rad_s": [
          0,
          0,
          0
        ],
        "initial_linear_velocity_m_s": [
          0,
          0,
          0
        ],
        "initial_pose": {
          "rotation": [
            [
              0.9063077870366499,
              0,
              0.42261826174069944
            ],
            [
              0,
              1,
              0
            ],
            [
              -0.42261826174069944,
              0,
              0.9063077870366499
            ]
          ],
          "translation": [
            -1.6500000000000001,
            0,
            8.45812159420151
          ]
        },
        "mass_kg": 25,
        "mobile": true,
        "name": "tent_left_L3_T0",
        "role": "tent_left",
        "size_m": [
          0.04,
          1.25,
          2.5
        ]
      },
      {
        "friction": 0.8,
        "initial_angular_velocity_rad_s": [
          0,
          0,
          0
        ],
        "initial_linear_velocity_m_s": [
          0,
          0,
          0
        ],
        "initial_pose": {
          "rotation": [
            [
              0.9063077870366499,
              0,
              -0.42261826174069944
            ],
            [
              0,
              1,
              0
            ],
            [
              0.42261826174069944,
              0,
              0.9063077870366499
            ]
          ],
          "translation": [
            -0.55,
            0,
            8.45812159420151
          ]
        },
        "mass_kg": 25,
        "mobile": true,
        "name": "tent_right_L3_T0",
        "role": "tent_right",
        "size_m": [
          0.04,
          1.25,
          2.5
        ]
      },
      {
        "friction": 0.8,
        "initial_angular_velocity_rad_s": [
          0,
          0,
          0
        ],
        "initial_linear_velocity_m_s": [
          0,
          0,
          0
        ],
        "initial_pose": {
          "rotation": [
            [
              0.9998476951563913,
              0,
              -0.01745240643728351
            ],
            [
              0,
              1,
              0
            ],
            [
              0.01745240643728351,
              0,
              0.9998476951563913
            ]
          ],
          "translation": [
            1.1,
            0,
            7.249818509315579
          ]
        },
        "mass_kg": 25,
        "mobile": true,
        "name": "bridge_L3_T1",
        "role": "bridge",
        "size_m": [
          2.5,
          1.25,
          0.04
        ]
      },
      {
        "friction": 0.8,
        "initial_angular_velocity_rad_s": [
          0,
          0,
          0
        ],
        "initial_linear_velocity_m_s": [
          0,
          0,
          0
        ],
        "initial_pose": {
          "rotation": [
            [
              0.9063077870366499,
              0,
              0.42261826174069944
            ],
            [
              0,
              1,
              0
            ],
            [
              -0.42261826174069944,
              0,
              0.9063077870366499
            ]
          ],
          "translation": [
            0.55,
            0,
            8.45812159420151
          ]
        },
        "mass_kg": 25,
        "mobile": true,
        "name": "tent_left_L3_T1",
        "role": "tent_left",
        "size_m": [
          0.04,
          1.25,
          2.5
        ]
      },
      {
        "friction": 0.8,
        "initial_angular_velocity_rad_s": [
          0,
          0,
          0
        ],
        "initial_linear_velocity_m_s": [
          0,
          0,
          0
        ],
        "initial_pose": {
          "rotation": [
            [
              0.9063077870366499,
              0,
              -0.42261826174069944
            ],
            [
              0,
              1,
              0
            ],
            [
              0.42261826174069944,
              0,
              0.9063077870366499
            ]
          ],
          "translation": [
            1.6500000000000001,
            0,
            8.45812159420151
          ]
        },
        "mass_kg": 25,
        "mobile": true,
        "name": "tent_right_L3_T1",
        "role": "tent_right",
        "size_m": [
          0.04,
          1.25,
          2.5
        ]
      },
      {
        "friction": 0.8,
        "initial_angular_velocity_rad_s": [
          0,
          0,
          0
        ],
        "initial_linear_velocity_m_s": [
          0,
          0,
          0
        ],
        "initial_pose": {
          "rotation": [
            [
              0.9998476951563913,
              0,
              -0.01745240643728351
            ],
            [
              0,
              1,
              0
            ],
            [
              0.01745240643728351,
              0,
              0.9998476951563913
            ]
          ],
          "translation": [
            0,
            0,
            9.66642467908744
          ]
        },
        "mass_kg": 25,
        "mobile": true,
        "name": "bridge_L4_T0",
        "role": "bridge",
        "size_m": [
          2.5,
          1.25,
          0.04
        ]
      },
      {
        "friction": 0.8,
        "initial_angular_velocity_rad_s": [
          0,
          0,
          0
        ],
        "initial_linear_velocity_m_s": [
          0,
          0,
          0
        ],
        "initial_pose": {
          "rotation": [
            [
              0.9063077870366499,
              0,
              0.42261826174069944
            ],
            [
              0,
              1,
              0
            ],
            [
              -0.42261826174069944,
              0,
              0.9063077870366499
            ]
          ],
          "translation": [
            -0.55,
            0,
            10.87472776397337
          ]
        },
        "mass_kg": 25,
        "mobile": true,
        "name": "tent_left_L4_T0",
        "role": "tent_left",
        "size_m": [
          0.04,
          1.25,
          2.5
        ]
      },
      {
        "friction": 0.8,
        "initial_angular_velocity_rad_s": [
          0,
          0,
          0
        ],
        "initial_linear_velocity_m_s": [
          0,
          0,
          0
        ],
        "initial_pose": {
          "rotation": [
            [
              0.9063077870366499,
              0,
              -0.42261826174069944
            ],
            [
              0,
              1,
              0
            ],
            [
              0.42261826174069944,
              0,
              0.9063077870366499
            ]
          ],
          "translation": [
            0.55,
            0,
            10.87472776397337
          ]
        },
        "mass_kg": 25,
        "mobile": true,
        "name": "tent_right_L4_T0",
        "role": "tent_right",
        "size_m": [
          0.04,
          1.25,
          2.5
        ]
      }
    ],
    "collision": {
      "contact_manifold": "four_point_planar",
      "detector": "native",
      "max_contacts": 4096,
      "max_contacts_per_pair": 4
    },
    "cubes": [
      {
        "friction": 0.8,
        "initial_angular_velocity_rad_s": [
          0,
          0,
          0
        ],
        "initial_linear_velocity_m_s": [
          0,
          0,
          0
        ],
        "initial_pose": {
          "rotation": [
            [
              1,
              0,
              0
            ],
            [
              0,
              1,
              0
            ],
            [
              0,
              0,
              1
            ]
          ],
          "translation": [
            -1.8000000000000003,
            0,
            13.0830308488593
          ]
        },
        "mass_kg": 256,
        "mobile": false,
        "name": "cube_0",
        "role": "cube",
        "size_m": [
          0.8,
          0.8,
          0.8
        ]
      },
      {
        "friction": 0.8,
        "initial_angular_velocity_rad_s": [
          0,
          0,
          0
        ],
        "initial_linear_velocity_m_s": [
          0,
          0,
          0
        ],
        "initial_pose": {
          "rotation": [
            [
              1,
              0,
              0
            ],
            [
              0,
              1,
              0
            ],
            [
              0,
              0,
              1
            ]
          ],
          "translation": [
            -0.6000000000000001,
            0,
            13.0830308488593
          ]
        },
        "mass_kg": 256,
        "mobile": false,
        "name": "cube_1",
        "role": "cube",
        "size_m": [
          0.8,
          0.8,
          0.8
        ]
      },
      {
        "friction": 0.8,
        "initial_angular_velocity_rad_s": [
          0,
          0,
          0
        ],
        "initial_linear_velocity_m_s": [
          0,
          0,
          0
        ],
        "initial_pose": {
          "rotation": [
            [
              1,
              0,
              0
            ],
            [
              0,
              1,
              0
            ],
            [
              0,
              0,
              1
            ]
          ],
