{
  "schema_version": "dart.demos_headless_timeline/v1",
  "scene": "fbf_author_card_house_5_construction",
  "active_scene": "fbf_author_card_house_5_construction",
  "runtime_command": "/home/js/dev/dartsim/dart/task_6/build/default/cpp/Release/bin/dart-demos --scene fbf_author_card_house_5_construction --headless --steps 0 --width 1280 --height 720 --threads 1 --headless-sidecar /home/js/dev/dartsim/dart/task_6/docs/dev_tasks/fbf_exact_coulomb_friction/assets/paper_evidence/card_house_author_5_construction_current_v1/card_house_author_5_construction/timeline.json --headless-shot-at 0:/home/js/dev/dartsim/dart/task_6/docs/dev_tasks/fbf_exact_coulomb_friction/assets/paper_evidence/card_house_author_5_construction_current_v1/card_house_author_5_construction/frames/step_000000.png",
  "build": {
    "dart_version": "6.19.3",
    "mode": "Release"
  },
  "total_steps": 0,
  "completed_steps": 0,
  "width": 1280,
  "height": 720,
  "collision_detector": "native",
  "physics_contract": {"schema_version":"dart.fbf_author_card_house_configuration_contract/v1","kind":"configuration_only","author_source":{"repository":"https://github.com/matthcsong/fbf-sca-2026","commit":"b3f3c5ca646b39a1bc4fbd8c3ebfb6810fee4bd0","tree":"ffcdafb61adeda2239c8366d054b548b50d26685e","card_house_run_blob":"35f33651bc9674a259071ac723e47755504152db","card_house_run_py_sha256":"18c58c85eaad865aeef480b46e880a52088f266b79c90226f624637221ee36f8","fbf_config_py_sha256":"88f3f9ffd758eccce8496f7897192587a05907109e313c7a86bcf8f9de8cc248","solver_fbf_py_sha256":"8ec32aa20bf8d6c1173ed6c7f3735e2926fbb4b5059ee2236e26ad27eb22f941"},"configuration_spec_source_sha256":"77814782fdedd2e419d23b088fcba3521dda020d8dd167942cf137da56f6aba9","binary_binding":{"role":"dart_demos","implementation_source_sha256":"84fd1330a13d548760e537f9734790ab1b5c91fcda3e446bf76b9b36f3e1aa99"},"source_configuration":{"scene":{"demo_scene_id":"fbf_author_card_house_5_construction","levels":5,"leaning_cards":30,"bridges":10,"cards":40,"cubes":4},"cards":{"lean_size_m":[0.040000000000000001,1.25,2.5],"bridge_size_m":[2.5,1.25,0.040000000000000001],"density_kg_m3":200,"mass_kg":25,"lean_from_horizontal_degrees":65,"lean_from_vertical_degrees":25,"bridge_angle_degrees":-1,"tent_half_gap_m":0.55000000000000004,"tent_width_m":2.2000000000000002,"tent_height_m":2.4166061697718599,"source_mobile":true},"cubes":{"size_m":[0.80000000000000004,0.80000000000000004,0.80000000000000004],"density_kg_m3":500,"mass_kg":256,"initial_height_m":13.0830308488593,"source_initially_kinematic":true},"contact":{"friction":0.80000000000000004,"gap_m":0.0050000000000000001},"schedule":{"display_time_step_seconds":0.016666666666666666,"substeps_per_frame":4,"runtime_time_step_seconds":0.0041666666666666666,"release_frame":400,"release_substep":1600,"total_frames":800,"total_substeps":3200},"solver":{"type":"fbf_exact_coulomb","max_contacts":4096,"max_outer":200,"outer_tol":9.9999999999999995e-07,"residual_check_interval":5,"inner_solver":"block_gs","inner_gs_sweeps":10,"inner_max_iter":200,"inner_tol":9.9999999999999995e-07,"gamma":null,"adaptive_gamma":true,"gamma_c":5,"gamma_max":1000000,"armijo_rho_high":0.90000000000000002,"armijo_shrink":0.69999999999999996,"armijo_max_backtracks":8,"plateau_patience":5,"plateau_rtol":0.01,"warm_start":true,"warm_start_match_radius":0.02,"warm_start_normal_cosine":0.90000000000000002,"warm_start_max_age":3,"warm_start_gamma_cap":10000,"baumgarte_erp":0,"project_after_correction":false,"termination_residual":"coulomb_rel","termination_tol":9.9999999999999995e-07}},"dart_observation":{"world":{"time_step_seconds":0.0041666666666666666,"gravity_m_s2":[0,0,-9.8100000000000005],"simulation_threads":1,"deactivation_enabled":false},"collision":{"detector":"native","contact_manifold":"four_point_planar","max_contacts":4096,"max_contacts_per_pair":4},"solver_adapter":{"type":"exact_fbf","split_impulse_enabled":false,"max_outer_iterations":200,"tolerance":9.9999999999999995e-07,"inner_max_sweeps":10,"inner_tolerance":9.9999999999999995e-07,"step_size_scale":10,"warm_start_enabled":true,"fallback_to_boxed_lcp_enabled":false,"projected_gradient_retry_enabled":false,"dense_residual_polish_enabled":false},"ground":{"shape":"plane","friction":0.80000000000000004,"mobile":false},"cards":[{"name":"tent_left_L0_T0","role":"tent_left","size_m":[0.040000000000000001,1.25,2.5],"mass_kg":25,"friction":0.80000000000000004,"mobile":true,"initial_pose":{"translation":[-4.9500000000000002,0,1.20830308488593],"rotation":[[0.90630778703664994,0,0.42261826174069944],[0,1,0],[-0.42261826174069944,0,0.90630778703664994]]},"initial_linear_velocity_m_s":[0,0,0],"initial_angular_velocity_rad_s":[0,0,0]},{"name":"tent_right_L0_T0","role":"tent_right","size_m":[0.040000000000000001,1.25,2.5],"mass_kg":25,"friction":0.80000000000000004,"mobile":true,"initial_pose":{"translation":[-3.8500000000000005,0,1.20830308488593],"rotation":[[0.90630778703664994,0,-0.42261826174069944],[0,1,0],[0.42261826174069944,0,0.90630778703664994]]},"initial_linear_velocity_m_s":[0,0,0],"initial_angular_velocity_rad_s":[0,0,0]},{"name":"tent_left_L0_T1","role":"tent_left","size_m":[0.040000000000000001,1.25,2.5],"mass_kg":25,"friction":0.80000000000000004,"mobile":true,"initial_pose":{"translation":[-2.75,0,1.20830308488593],"rotation":[[0.90630778703664994,0,0.42261826174069944],[0,1,0],[-0.42261826174069944,0,0.90630778703664994]]},"initial_linear_velocity_m_s":[0,0,0],"initial_angular_velocity_rad_s":[0,0,0]},{"name":"tent_right_L0_T1","role":"tent_right","size_m":[0.040000000000000001,1.25,2.5],"mass_kg":25,"friction":0.80000000000000004,"mobile":true,"initial_pose":{"translation":[-1.6500000000000001,0,1.20830308488593],"rotation":[[0.90630778703664994,0,-0.42261826174069944],[0,1,0],[0.42261826174069944,0,0.90630778703664994]]},"initial_linear_velocity_m_s":[0,0,0],"initial_angular_velocity_rad_s":[0,0,0]},{"name":"tent_left_L0_T2","role":"tent_left","size_m":[0.040000000000000001,1.25,2.5],"mass_kg":25,"friction":0.80000000000000004,"mobile":true,"initial_pose":{"translation":[-0.55000000000000004,0,1.20830308488593],"rotation":[[0.90630778703664994,0,0.42261826174069944],[0,1,0],[-0.42261826174069944,0,0.90630778703664994]]},"initial_linear_velocity_m_s":[0,0,0],"initial_angular_velocity_rad_s":[0,0,0]},{"name":"tent_right_L0_T2","role":"tent_right","size_m":[0.040000000000000001,1.25,2.5],"mass_kg":25,"friction":0.80000000000000004,"mobile":true,"initial_pose":{"translation":[0.55000000000000004,0,1.20830308488593],"rotation":[[0.90630778703664994,0,-0.42261826174069944],[0,1,0],[0.42261826174069944,0,0.90630778703664994]]},"initial_linear_velocity_m_s":[0,0,0],"initial_angular_velocity_rad_s":[0,0,0]},{"name":"tent_left_L0_T3","role":"tent_left","size_m":[0.040000000000000001,1.25,2.5],"mass_kg":25,"friction":0.80000000000000004,"mobile":true,"initial_pose":{"translation":[1.6500000000000001,0,1.20830308488593],"rotation":[[0.90630778703664994,0,0.42261826174069944],[0,1,0],[-0.42261826174069944,0,0.90630778703664994]]},"initial_linear_velocity_m_s":[0,0,0],"initial_angular_velocity_rad_s":[0,0,0]},{"name":"tent_right_L0_T3","role":"tent_right","size_m":[0.040000000000000001,1.25,2.5],"mass_kg":25,"friction":0.80000000000000004,"mobile":true,"initial_pose":{"translation":[2.75,0,1.20830308488593],"rotation":[[0.90630778703664994,0,-0.42261826174069944],[0,1,0],[0.42261826174069944,0,0.90630778703664994]]},"initial_linear_velocity_m_s":[0,0,0],"initial_angular_velocity_rad_s":[0,0,0]},{"name":"tent_left_L0_T4","role":"tent_left","size_m":[0.040000000000000001,1.25,2.5],"mass_kg":25,"friction":0.80000000000000004,"mobile":true,"initial_pose":{"translation":[3.8500000000000005,0,1.20830308488593],"rotation":[[0.90630778703664994,0,0.42261826174069944],[0,1,0],[-0.42261826174069944,0,0.90630778703664994]]},"initial_linear_velocity_m_s":[0,0,0],"initial_angular_velocity_rad_s":[0,0,0]},{"name":"tent_right_L0_T4","role":"tent_right","size_m":[0.040000000000000001,1.25,2.5],"mass_kg":25,"friction":0.80000000000000004,"mobile":true,"initial_pose":{"translation":[4.9500000000000002,0,1.20830308488593],"rotation":[[0.90630778703664994,0,-0.42261826174069944],[0,1,0],[0.42261826174069944,0,0.90630778703664994]]},"initial_linear_velocity_m_s":[0,0,0],"initial_angular_velocity_rad_s":[0,0,0]},{"name":"bridge_L1_T0","role":"bridge","size_m":[2.5,1.25,0.040000000000000001],"mass_kg":25,"friction":0.80000000000000004,"mobile":true,"initial_pose":{"translation":[-3.3000000000000003,0,2.4166061697718599],"rotation":[[0.99984769515639127,0,-0.017452406437283512],[0,1,0],[0.017452406437283512,0,0.99984769515639127]]},"initial_linear_velocity_m_s":[0,0,0],"initial_angular_velocity_rad_s":[0,0,0]},{"name":"tent_left_L1_T0","role":"tent_left","size_m":[0.040000000000000001,1.25,2.5],"mass_kg":25,"friction":0.80000000000000004,"mobile":true,"initial_pose":{"translation":[-3.8500000000000005,0,3.6249092546577897],"rotation":[[0.90630778703664994,0,0.42261826174069944],[0,1,0],[-0.42261826174069944,0,0.90630778703664994]]},"initial_linear_velocity_m_s":[0,0,0],"initial_angular_velocity_rad_s":[0,0,0]},{"name":"tent_right_L1_T0","role":"tent_right","size_m":[0.040000000000000001,1.25,2.5],"mass_kg":25,"friction":0.80000000000000004,"mobile":true,"initial_pose":{"translation":[-2.75,0,3.6249092546577897],"rotation":[[0.90630778703664994,0,-0.42261826174069944],[0,1,0],[0.42261826174069944,0,0.90630778703664994]]},"initial_linear_velocity_m_s":[0,0,0],"initial_angular_velocity_rad_s":[0,0,0]},{"name":"bridge_L1_T1","role":"bridge","size_m":[2.5,1.25,0.040000000000000001],"mass_kg":25,"friction":0.80000000000000004,"mobile":true,"initial_pose":{"translation":[-1.1000000000000001,0,2.4166061697718599],"rotation":[[0.99984769515639127,0,-0.017452406437283512],[0,1,0],[0.017452406437283512,0,0.99984769515639127]]},"initial_linear_velocity_m_s":[0,0,0],"initial_angular_velocity_rad_s":[0,0,0]},{"name":"tent_left_L1_T1","role":"tent_left","size_m":[0.040000000000000001,1.25,2.5],"mass_kg":25,"friction":0.80000000000000004,"mobile":true,"initial_pose":{"translation":[-1.6500000000000001,0,3.6249092546577897],"rotation":[[0.90630778703664994,0,0.42261826174069944],[0,1,0],[-0.42261826174069944,0,0.90630778703664994]]},"initial_linear_velocity_m_s":[0,0,0],"initial_angular_velocity_rad_s":[0,0,0]},{"name":"tent_right_L1_T1","role":"tent_right","size_m":[0.040000000000000001,1.25,2.5],"mass_kg":25,"friction":0.80000000000000004,"mobile":true,"initial_pose":{"translation":[-0.55000000000000004,0,3.6249092546577897],"rotation":[[0.90630778703664994,0,-0.42261826174069944],[0,1,0],[0.42261826174069944,0,0.90630778703664994]]},"initial_linear_velocity_m_s":[0,0,0],"initial_angular_velocity_rad_s":[0,0,0]},{"name":"bridge_L1_T2","role":"bridge","size_m":[2.5,1.25,0.040000000000000001],"mass_kg":25,"friction":0.80000000000000004,"mobile":true,"initial_pose":{"translation":[1.1000000000000001,0,2.4166061697718599],"rotation":[[0.99984769515639127,0,-0.017452406437283512],[0,1,0],[0.017452406437283512,0,0.99984769515639127]]},"initial_linear_velocity_m_s":[0,0,0],"initial_angular_velocity_rad_s":[0,0,0]},{"name":"tent_left_L1_T2","role":"tent_left","size_m":[0.040000000000000001,1.25,2.5],"mass_kg":25,"friction":0.80000000000000004,"mobile":true,"initial_pose":{"translation":[0.55000000000000004,0,3.6249092546577897],"rotation":[[0.90630778703664994,0,0.42261826174069944],[0,1,0],[-0.42261826174069944,0,0.90630778703664994]]},"initial_linear_velocity_m_s":[0,0,0],"initial_angular_velocity_rad_s":[0,0,0]},{"name":"tent_right_L1_T2","role":"tent_right","size_m":[0.040000000000000001,1.25,2.5],"mass_kg":25,"friction":0.80000000000000004,"mobile":true,"initial_pose":{"translation":[1.6500000000000001,0,3.6249092546577897],"rotation":[[0.90630778703664994,0,-0.42261826174069944],[0,1,0],[0.42261826174069944,0,0.90630778703664994]]},"initial_linear_velocity_m_s":[0,0,0],"initial_angular_velocity_rad_s":[0,0,0]},{"name":"bridge_L1_T3","role":"bridge","size_m":[2.5,1.25,0.040000000000000001],"mass_kg":25,"friction":0.80000000000000004,"mobile":true,"initial_pose":{"translation":[3.3000000000000003,0,2.4166061697718599],"rotation":[[0.99984769515639127,0,-0.017452406437283512],[0,1,0],[0.017452406437283512,0,0.99984769515639127]]},"initial_linear_velocity_m_s":[0,0,0],"initial_angular_velocity_rad_s":[0,0,0]},{"name":"tent_left_L1_T3","role":"tent_left","size_m":[0.040000000000000001,1.25,2.5],"mass_kg":25,"friction":0.80000000000000004,"mobile":true,"initial_pose":{"translation":[2.75,0,3.6249092546577897],"rotation":[[0.90630778703664994,0,0.42261826174069944],[0,1,0],[-0.42261826174069944,0,0.90630778703664994]]},"initial_linear_velocity_m_s":[0,0,0],"initial_angular_velocity_rad_s":[0,0,0]},{"name":"tent_right_L1_T3","role":"tent_right","size_m":[0.040000000000000001,1.25,2.5],"mass_kg":25,"friction":0.80000000000000004,"mobile":true,"initial_pose":{"translation":[3.8500000000000005,0,3.6249092546577897],"rotation":[[0.90630778703664994,0,-0.42261826174069944],[0,1,0],[0.42261826174069944,0,0.90630778703664994]]},"initial_linear_velocity_m_s":[0,0,0],"initial_angular_velocity_rad_s":[0,0,0]},{"name":"bridge_L2_T0","role":"bridge","size_m":[2.5,1.25,0.040000000000000001],"mass_kg":25,"friction":0.80000000000000004,"mobile":true,"initial_pose":{"translation":[-2.2000000000000002,0,4.8332123395437199],"rotation":[[0.99984769515639127,0,-0.017452406437283512],[0,1,0],[0.017452406437283512,0,0.99984769515639127]]},"initial_linear_velocity_m_s":[0,0,0],"initial_angular_velocity_rad_s":[0,0,0]},{"name":"tent_left_L2_T0","role":"tent_left","size_m":[0.040000000000000001,1.25,2.5],"mass_kg":25,"friction":0.80000000000000004,"mobile":true,"initial_pose":{"translation":[-2.75,0,6.0415154244296501],"rotation":[[0.90630778703664994,0,0.42261826174069944],[0,1,0],[-0.42261826174069944,0,0.90630778703664994]]},"initial_linear_velocity_m_s":[0,0,0],"initial_angular_velocity_rad_s":[0,0,0]},{"name":"tent_right_L2_T0","role":"tent_right","size_m":[0.040000000000000001,1.25,2.5],"mass_kg":25,"friction":0.80000000000000004,"mobile":true,"initial_pose":{"translation":[-1.6500000000000001,0,6.0415154244296501],"rotation":[[0.90630778703664994,0,-0.42261826174069944],[0,1,0],[0.42261826174069944,0,0.90630778703664994]]},"initial_linear_velocity_m_s":[0,0,0],"initial_angular_velocity_rad_s":[0,0,0]},{"name":"bridge_L2_T1","role":"bridge","size_m":[2.5,1.25,0.040000000000000001],"mass_kg":25,"friction":0.80000000000000004,"mobile":true,"initial_pose":{"translation":[0,0,4.8332123395437199],"rotation":[[0.99984769515639127,0,-0.017452406437283512],[0,1,0],[0.017452406437283512,0,0.99984769515639127]]},"initial_linear_velocity_m_s":[0,0,0],"initial_angular_velocity_rad_s":[0,0,0]},{"name":"tent_left_L2_T1","role":"tent_left","size_m":[0.040000000000000001,1.25,2.5],"mass_kg":25,"friction":0.80000000000000004,"mobile":true,"initial_pose":{"translation":[-0.55000000000000004,0,6.0415154244296501],"rotation":[[0.90630778703664994,0,0.42261826174069944],[0,1,0],[-0.42261826174069944,0,0.90630778703664994]]},"initial_linear_velocity_m_s":[0,0,0],"initial_angular_velocity_rad_s":[0,0,0]},{"name":"tent_right_L2_T1","role":"tent_right","size_m":[0.040000000000000001,1.25,2.5],"mass_kg":25,"friction":0.80000000000000004,"mobile":true,"initial_pose":{"translation":[0.55000000000000004,0,6.0415154244296501],"rotation":[[0.90630778703664994,0,-0.42261826174069944],[0,1,0],[0.42261826174069944,0,0.90630778703664994]]},"initial_linear_velocity_m_s":[0,0,0],"initial_angular_velocity_rad_s":[0,0,0]},{"name":"bridge_L2_T2","role":"bridge","size_m":[2.5,1.25,0.040000000000000001],"mass_kg":25,"friction":0.80000000000000004,"mobile":true,"initial_pose":{"translation":[2.2000000000000002,0,4.8332123395437199],"rotation":[[0.99984769515639127,0,-0.017452406437283512],[0,1,0],[0.017452406437283512,0,0.99984769515639127]]},"initial_linear_velocity_m_s":[0,0,0],"initial_angular_velocity_rad_s":[0,0,0]},{"name":"tent_left_L2_T2","role":"tent_left","size_m":[0.040000000000000001,1.25,2.5],"mass_kg":25,"friction":0.80000000000000004,"mobile":true,"initial_pose":{"translation":[1.6500000000000001,0,6.0415154244296501],"rotation":[[0.90630778703664994,0,0.42261826174069944],[0,1,0],[-0.42261826174069944,0,0.90630778703664994]]},"initial_linear_velocity_m_s":[0,0,0],"initial_angular_velocity_rad_s":[0,0,0]},{"name":"tent_right_L2_T2","role":"tent_right","size_m":[0.040000000000000001,1.25,2.5],"mass_kg":25,"friction":0.80000000000000004,"mobile":true,"initial_pose":{"translation":[2.75,0,6.0415154244296501],"rotation":[[0.90630778703664994,0,-0.42261826174069944],[0,1,0],[0.42261826174069944,0,0.90630778703664994]]},"initial_linear_velocity_m_s":[0,0,0],"initial_angular_velocity_rad_s":[0,0,0]},{"name":"bridge_L3_T0","role":"bridge","size_m":[2.5,1.25,0.040000000000000001],"mass_kg":25,"friction":0.80000000000000004,"mobile":true,"initial_pose":{"translation":[-1.1000000000000001,0,7.2498185093155794],"rotation":[[0.99984769515639127,0,-0.017452406437283512],[0,1,0],[0.017452406437283512,0,0.99984769515639127]]},"initial_linear_velocity_m_s":[0,0,0],"initial_angular_velocity_rad_s":[0,0,0]},{"name":"tent_left_L3_T0","role":"tent_left","size_m":[0.040000000000000001,1.25,2.5],"mass_kg":25,"friction":0.80000000000000004,"mobile":true,"initial_pose":{"translation":[-1.6500000000000001,0,8.4581215942015096],"rotation":[[0.90630778703664994,0,0.42261826174069944],[0,1,0],[-0.42261826174069944,0,0.90630778703664994]]},"initial_linear_velocity_m_s":[0,0,0],"initial_angular_velocity_rad_s":[0,0,0]},{"name":"tent_right_L3_T0","role":"tent_right","size_m":[0.040000000000000001,1.25,2.5],"mass_kg":25,"friction":0.80000000000000004,"mobile":true,"initial_pose":{"translation":[-0.55000000000000004,0,8.4581215942015096],"rotation":[[0.90630778703664994,0,-0.42261826174069944],[0,1,0],[0.42261826174069944,0,0.90630778703664994]]},"initial_linear_velocity_m_s":[0,0,0],"initial_angular_velocity_rad_s":[0,0,0]},{"name":"bridge_L3_T1","role":"bridge","size_m":[2.5,1.25,0.040000000000000001],"mass_kg":25,"friction":0.80000000000000004,"mobile":true,"initial_pose":{"translation":[1.1000000000000001,0,7.2498185093155794],"rotation":[[0.99984769515639127,0,-0.017452406437283512],[0,1,0],[0.017452406437283512,0,0.99984769515639127]]},"initial_linear_velocity_m_s":[0,0,0],"initial_angular_velocity_rad_s":[0,0,0]},{"name":"tent_left_L3_T1","role":"tent_left","size_m":[0.040000000000000001,1.25,2.5],"mass_kg":25,"friction":0.80000000000000004,"mobile":true,"initial_pose":{"translation":[0.55000000000000004,0,8.4581215942015096],"rotation":[[0.90630778703664994,0,0.42261826174069944],[0,1,0],[-0.42261826174069944,0,0.90630778703664994]]},"initial_linear_velocity_m_s":[0,0,0],"initial_angular_velocity_rad_s":[0,0,0]},{"name":"tent_right_L3_T1","role":"tent_right","size_m":[0.040000000000000001,1.25,2.5],"mass_kg":25,"friction":0.80000000000000004,"mobile":true,"initial_pose":{"translation":[1.6500000000000001,0,8.4581215942015096],"rotation":[[0.90630778703664994,0,-0.42261826174069944],[0,1,0],[0.42261826174069944,0,0.90630778703664994]]},"initial_linear_velocity_m_s":[0,0,0],"initial_angular_velocity_rad_s":[0,0,0]},{"name":"bridge_L4_T0","role":"bridge","size_m":[2.5,1.25,0.040000000000000001],"mass_kg":25,"friction":0.80000000000000004,"mobile":true,"initial_pose":{"translation":[0,0,9.6664246790874397],"rotation":[[0.99984769515639127,0,-0.017452406437283512],[0,1,0],[0.017452406437283512,0,0.99984769515639127]]},"initial_linear_velocity_m_s":[0,0,0],"initial_angular_velocity_rad_s":[0,0,0]},{"name":"tent_left_L4_T0","role":"tent_left","size_m":[0.040000000000000001,1.25,2.5],"mass_kg":25,"friction":0.80000000000000004,"mobile":true,"initial_pose":{"translation":[-0.55000000000000004,0,10.87472776397337],"rotation":[[0.90630778703664994,0,0.42261826174069944],[0,1,0],[-0.42261826174069944,0,0.90630778703664994]]},"initial_linear_velocity_m_s":[0,0,0],"initial_angular_velocity_rad_s":[0,0,0]},{"name":"tent_right_L4_T0","role":"tent_right","size_m":[0.040000000000000001,1.25,2.5],"mass_kg":25,"friction":0.80000000000000004,"mobile":true,"initial_pose":{"translation":[0.55000000000000004,0,10.87472776397337],"rotation":[[0.90630778703664994,0,-0.42261826174069944],[0,1,0],[0.42261826174069944,0,0.90630778703664994]]},"initial_linear_velocity_m_s":[0,0,0],"initial_angular_velocity_rad_s":[0,0,0]}],"cubes":[{"name":"cube_0","role":"cube","size_m":[0.80000000000000004,0.80000000000000004,0.80000000000000004],"mass_kg":256,"friction":0.80000000000000004,"mobile":false,"initial_pose":{"translation":[-1.8000000000000003,0,13.0830308488593],"rotation":[[1,0,0],[0,1,0],[0,0,1]]},"initial_linear_velocity_m_s":[0,0,0],"initial_angular_velocity_rad_s":[0,0,0]},{"name":"cube_1","role":"cube","size_m":[0.80000000000000004,0.80000000000000004,0.80000000000000004],"mass_kg":256,"friction":0.80000000000000004,"mobile":false,"initial_pose":{"translation":[-0.60000000000000009,0,13.0830308488593],"rotation":[[1,0,0],[0,1,0],[0,0,1]]},"initial_linear_velocity_m_s":[0,0,0],"initial_angular_velocity_rad_s":[0,0,0]},{"name":"cube_2","role":"cube","size_m":[0.80000000000000004,0.80000000000000004,0.80000000000000004],"mass_kg":256,"friction":0.80000000000000004,"mobile":false,"initial_pose":{"translation":[0.60000000000000009,0,13.0830308488593],"rotation":[[1,0,0],[0,1,0],[0,0,1]]},"initial_linear_velocity_m_s":[0,0,0],"initial_angular_velocity_rad_s":[0,0,0]},{"name":"cube_3","role":"cube","size_m":[0.80000000000000004,0.80000000000000004,0.80000000000000004],"mass_kg":256,"friction":0.80000000000000004,"mobile":false,"initial_pose":{"translation":[1.8000000000000003,0,13.0830308488593],"rotation":[[1,0,0],[0,1,0],[0,0,1]]},"initial_linear_velocity_m_s":[0,0,0],"initial_angular_velocity_rad_s":[0,0,0]}]},"adapter_boundaries":{"source_contact_gap_recorded_m":0.0050000000000000001,"source_contact_gap_semantics_implemented":false,"source_solver_backend_semantics_implemented":false},"claim_boundary":{"construction_only":true,"configuration_port_valid":true,"source_geometry_and_initial_pose_port":true,"dart_cards_mobile":true,"dart_cubes_initially_immobile":true,"dynamics_executed":false,"trajectory_valid":false,"solver_valid":false,"physical_outcome_valid":false,"trajectory_equivalence":false,"solver_equivalence":false,"physical_outcome_equivalence":false,"fig06_parity":false,"video06_parity":false,"timing_comparability":false,"paper_timing_valid":false,"renderer_colors_source_parity":false},"visual_style":{"renderer_only":true,"description":"restrained alternating paper colors for layer legibility"}},
  "event_order": "captures_before_actions_at_each_completed_step",
  "steps": [
    {"step": 0, "sim_time": 0, "solver_diagnostics": {
      "available": true,
      "solver": "ExactCoulombFbfConstraintSolver",
      "status": "not_run",
      "fbf_status": "not_run",
      "residual": null,
      "best_residual": null,
      "iterations": 0,
      "total_iterations": 0,
      "exact_solves": 0,
      "exact_attempts": 0,
      "accepted_at_cap": 0,
      "worst_residual": null,
      "exact_failures": 0,
      "boxed_lcp_fallbacks": 0,
      "warm_starts": 0,
      "contacts": 0
    }}
  ],
  "shots": [
    {"sequence": 0, "step": 0, "path": "/home/js/dev/dartsim/dart/task_6/docs/dev_tasks/fbf_exact_coulomb_friction/assets/paper_evidence/card_house_author_5_construction_current_v1/card_house_author_5_construction/frames/step_000000.png", "sim_time": 0, "success": true, "solver_diagnostics": {
      "available": true,
      "solver": "ExactCoulombFbfConstraintSolver",
      "status": "not_run",
      "fbf_status": "not_run",
      "residual": null,
      "best_residual": null,
      "iterations": 0,
      "total_iterations": 0,
      "exact_solves": 0,
      "exact_attempts": 0,
      "accepted_at_cap": 0,
      "worst_residual": null,
      "exact_failures": 0,
      "boxed_lcp_fallbacks": 0,
      "warm_starts": 0,
      "contacts": 0
    }}
  ],
  "actions": [  ],
  "events": [
    {"sequence": 0, "type": "shot", "step": 0, "path": "/home/js/dev/dartsim/dart/task_6/docs/dev_tasks/fbf_exact_coulomb_friction/assets/paper_evidence/card_house_author_5_construction_current_v1/card_house_author_5_construction/frames/step_000000.png", "success": true}
  ],
  "solver_diagnostics": {
      "available": true,
      "solver": "ExactCoulombFbfConstraintSolver",
      "status": "not_run",
      "fbf_status": "not_run",
      "residual": null,
      "best_residual": null,
      "iterations": 0,
      "total_iterations": 0,
      "exact_solves": 0,
      "exact_attempts": 0,
      "accepted_at_cap": 0,
      "worst_residual": null,
      "exact_failures": 0,
      "boxed_lcp_fallbacks": 0,
      "warm_starts": 0,
      "contacts": 0
    }
}
